5
5
5
5
5
5
7
7
7
14
14
21
21
21
21
21
21
21
24
24
24
24
32
26
26
26
26
26
29
29
29
29
39
36
36
26
35
35
35
35
26
18
16
19
19
8
8
8
24
28
28
28
28
13
13
13
13
13
26
26
26
26
26
26
26
26
26
28
28
39
39
48
48
48
45
47
47
40
40
43
43
38
38
38
45
45
39
39
46
46
46
46
46
56
56
56
56
66
72
72
72
76
76
62
62
62
59
59
59
51
51
59
59
53
53
53
53
67
73
73
73
87
87
94
94
105
111
111
111
111
111
111
123
123
109
118
118
125
125
125
125
131
138
138
133
133
133
133
133
133
133
137
137
137
142
142
145
145
151
151
151
151
146
149
149
149
149
149
149
149
149
153
153
153
158
158
164
164
164
164
164
164
168
171
171
171
183
183
183
183
191
191
191
193
193
184
184
181
181
171
171
161
161
157
157
141
141
151
160
160
160
160
160
160
166
170
170
170
170
194
194
199
207
207
207
207
215
210
213
220
220
214
215
208
208
221
222
228
226
226
226
222
232
236
259
259
280
280
285
297
289
297
297
297
301
306
308
308
308
308
298
307
307
298
304
304
325
325
328
328
323
320
305
317
317
317
317
317
332
332
330
321
324
329
322
317
323
334
334
324
324
331
322
322
321
329
326
326
323
323
323
326
326
323
318
318
316
323
323
323
323
323
323
328
331
327
327
327
340
340
340
351
351
351
344
344
339
339
339
335
335
335
330
330
333
333
338
327
327
321
308
301
298
298
298
296
303
301
301
301
296
283
269
280
277
275
270
270
270
239
218
218
228
228
228
228
228
233
241
231
227
227
217
217
217
219
216
199
199
199
190
185
185
178
178
178
188
169
174
169
169
169
167
167
167
161
149
147
147
135
135
135
126
126
116
116
110
98
98
103
103
96
96
96
93
91
91
86
86
86
80
82
82
82
88
69
69
73
73
80
80
80
75
70
72
64
64
54
54
56
56
56
47
58
60
60
60
73
73
80
83
83
81
75
75
75
75
67
67
65
59
49
49
49
49
49
49
33
30
30
28
28
28
28
28
20
15
15
15
12
12